ids = [ "met-L", "atp", "pi", "ppi", "amet", "ahcys", "gly", "sarcs", "hcys-L", "adn", "thf", "5mthf", "mlthf", "glyb", "dmgly", "ser-L", "nadp", "nadph", "cyst-L",]

mean_vector = [
  161.0203870372,
  -2263.6274533927,
  -1055.4711071927,
  -1943.5422466181,
  654.7811667848,
  541.4981748505,
  -161.2093499172,
  -39.4732528546,
  51.4205419542,
  375.7661688914,
  109.6782973698,
  221.0286718646,
  195.32127013,
  160.8518050969,
  58.0635849086,
  -216.3988762937,
  -2016.5052486697,
  -1950.3238942947,
  -46.6351353863,
]

covariance_matrix = [
  [17.5183610296, -0.0354355089, 0.1140273422, 0.0533621689, 1.0288775363, 12.8069856079, 0.0942983931, 0.7688599497, 10.3983964053, 0.0073595088, 0.446216799, 0.6314076073, 0.6314076073, 2.3055688759, 1.4477552064, 0.1369908298, 0.8141863109, 0.8558834798, 15.0126973397,],
  [ -0.0354355089, 2.2200569198, 0.2588681125, 0.7610147068, -1e-10, 0.3411954817, -0.0118297777, 0.0, -0.0, 0.4442889425, 3e-10, 0.0238927372, 0.0238927372, 0.0, 0.0, -0.169982816, 0.642006242, 0.5533259689, -0.0,],
  [ 0.1140273422, 0.2588681125, 0.5605856885, 0.7158558628, -0.0, -0.284595828, 0.0664493607, -0.0, 0.0, -0.1738132448, -0.0, -0.1445474358, -0.1445474358, -0.0, -0.0, 0.0661085229, -0.065948247, 0.0827369858, 0.0,],
  [ 0.0533621689, 0.7610147068, 0.7158558628, 1.2313220023, -1e-10, -0.2859784104, -0.001647472, -0.0, 0.0, -0.3561574091, 0.0, -0.1139329777, -0.1139329777, 0.0, 0.0, -0.1211071837, 0.1282826335, 0.2280415932, 0.0,],
  [ 1.0288775363, -1e-10, -0.0, -1e-10, 1000025.5764299916, 4.2971043882, -0.0, 1.4109102813, 0.2176479457, 1e-10, 37.9938974647, 38.0922544156, 38.0922544152, 31.3753129167, 15.9582715876, 0.0, 11.2977402075, 11.2977402081, 2.0662614565,],
  [ 12.8069856079, 0.3411954817, -0.284595828, -0.2859784104, 4.2971043882, 16.2459484958, 0.0301548348, 0.2923069324, 10.4480116755, 1.0345045332, 2.5517204928, 2.9115398288, 2.9115398288, 0.2538584576, 0.1704331589, 0.0056916295, 3.7459879026, 3.6461818489, 13.080721267,],
  [ 0.0942983931, -0.0118297777, 0.0664493607, -0.001647472, -0.0, 0.0301548348, 1.8613408356, 0.0, 0.0, 0.195520263, -0.0, -0.2593927901, -0.2593927901, -0.0, -0.0, 0.75055995, -0.0392813154, -0.0328588696, 0.0,],
  [ 0.7688599497, 0.0, -0.0, -0.0, 1.4109102813, 0.2923069324, 0.0, 20.0486625625, 0.0066378368, -0.0, 1.5024315058, 1.0042281339, 1.0042281339, -0.1859920905, 0.016237586, -0.0, 0.5251431933, 0.5251431933, 1.4942194289,],
  [ 10.3983964053, -0.0, 0.0, 0.0, 0.2176479457, 10.4480116755, 0.0, 0.0066378368, 10.5341198922, 0.0, -0.0488315347, -0.2624655387, -0.2624655387, 0.186377603, 0.1783900807, -0.0, -0.4103066778, -0.4103066778, 10.430278315,],
  [ 0.0073595088, 0.4442889425, -0.1738132448, -0.3561574091, 1e-10, 1.0345045332, 0.195520263, -0.0, 0.0, 2.0814897785, 3e-10, 0.0239930532, 0.0239930532, -0.0, -0.0, 0.2672608693, 0.0436782229, 0.0396899995, 0.0,],
  [ 0.446216799, 3e-10, -0.0, 0.0, 37.9938974647, 2.5517204928, -0.0, 1.5024315058, -0.0488315347, 3e-10, 457894.1958316092, 457885.6992048413, 457885.6992048413, 63.3760358135, 31.791952599, -0.0, 16.1174282945, 16.1174282946, 0.818012412,],
  [ 0.6314076073, 0.0238927372, -0.1445474358, -0.1139329777, 38.0922544156, 2.9115398288, -0.2593927901, 1.0042281339, -0.2624655387, 0.0239930532, 457885.6992048413, 457895.226026796, 457880.2766944209, 62.7599774922, 31.3689639242, 0.0828129527, 20.555137832, 20.6635284658, 0.6109135191,],
  [ 0.6314076073, 0.0238927372, -0.1445474358, -0.1139329777, 38.0922544152, 2.9115398288, -0.2593927901, 1.0042281339, -0.2624655387, 0.0239930532, 457885.6992048413, 457880.2766944209, 457882.5190942772, 62.7599774922, 31.3689639242, 0.0828129527, 20.555137832, 20.6635284658, 0.6109135191,],
  [ 2.3055688759, 0.0, -0.0, 0.0, 31.3753129167, 0.2538584576, -0.0, -0.1859920905, 0.186377603, -0.0, 63.3760358135, 62.7599774922, 62.7599774922, 1000065.7804019834, 33.7086437134, -0.0, 5.8141832119, 5.8141832119, -0.5993763696,],
  [ 1.4477552064, 0.0, -0.0, 0.0, 15.9582715876, 0.1704331589, -0.0, 0.016237586, 0.1783900807, -0.0, 31.791952599, 31.3689639242, 31.3689639242, 33.7086437134, 1000017.4477951666, -0.0, 2.3143935723, 2.3143935723, -0.1931995267,],
  [ 0.1369908298, -0.169982816, 0.0661085229, -0.1211071837, 0.0, 0.0056916295, 0.75055995, -0.0, -0.0, 0.2672608693, -0.0, 0.0828129527, 0.0828129527, -0.0, -0.0, 1.302666887, -0.1020637889, -0.0865070875, 0.0,],
  [ 0.8141863109, 0.642006242, -0.065948247, 0.1282826335, 11.2977402075, 3.7459879026, -0.0392813154, 0.5251431933, -0.4103066778, 0.0436782229, 16.1174282945, 20.555137832, 20.555137832, 5.8141832119, 2.3143935723, -0.1020637889, 46.6746529526, 46.4784222986, 1.0147067076,],
  [ 0.8558834798, 0.5533259689, 0.0827369858, 0.2280415932, 11.2977402081, 3.6461818489, -0.0328588696, 0.5251431933, -0.4103066778, 0.0396899995, 16.1174282946, 20.6635284658, 20.6635284658, 5.8141832119, 2.3143935723, -0.0865070875, 46.4784222986, 46.6354219147, 1.0147067076,],
  [ 15.0126973397, -0.0, 0.0, 0.0, 2.0662614565, 13.080721267, 0.0, 1.4942194289, 10.430278315, 0.0, 0.818012412, 0.6109135191, 0.6109135191, -0.5993763696, -0.1931995267, 0.0, 1.0147067076, 1.0147067076, 16.6178408848,],
]
